cell_tetrahedron, cell_prism_3, cell_cube, cell_prism_5, cell_config_1, cell_config_2, cell_config_3, cell_config_4, cell_config_5, cell_config_6, cell_config_7, cell_config_8, cell_config_9, cell_dodecahedron, cell_config_10, cell_config_11, cell_config_12, cell_config_13, cell_config_14, cell_config_15, cell_config_16, cell_config_17, cell_config_18, cell_config_19, all_cells, all_combinatorial_types
0, 0, 0, 0, 0, 0, 0, 0, 0, 0, 2, 0, 144, 41, 102, 78, 35, 41, 26, 29, 36, 38, 28, 30, 1000, 126
0, 0, 0, 0, 0, 0, 0, 0, 0, 0, 2, 0, 144, 41, 98, 78, 36, 41, 26, 28, 36, 38, 29, 30, 1000, 127
0, 0, 0, 0, 0, 0, 0, 0, 0, 0, 2, 0, 144, 41, 99, 76, 36, 41, 26, 28, 36, 38, 29, 31, 1000, 127
0, 0, 0, 0, 0, 0, 0, 0, 0, 0, 3, 0, 145, 41, 100, 75, 36, 40, 26, 28, 36, 37, 29, 30, 1000, 125
0, 0, 0, 0, 0, 0, 0, 0, 0, 0, 4, 0, 144, 40, 98, 75, 36, 41, 26, 28, 36, 36, 30, 30, 1000, 126
0, 0, 0, 0, 0, 0, 0, 0, 0, 0, 5, 0, 143, 41, 96, 75, 36, 41, 25, 28, 36, 35, 29, 30, 1000, 127
0, 0, 0, 0, 0, 0, 0, 0, 0, 0, 5, 0, 142, 41, 95, 75, 36, 40, 24, 30, 36, 35, 29, 31, 1000, 128
0, 0, 0, 0, 0, 0, 0, 0, 0, 0, 5, 0, 143, 41, 93, 76, 36, 40, 24, 30, 35, 35, 28, 31, 1000, 129
0, 0, 0, 0, 0, 0, 0, 0, 0, 0, 6, 0, 143, 41, 90, 74, 37, 40, 24, 31, 35, 33, 28, 30, 1000, 129
0, 0, 0, 0, 0, 0, 0, 0, 0, 0, 6, 0, 141, 42, 90, 72, 37, 40, 26, 30, 36, 33, 29, 29, 1000, 131
0, 0, 0, 0, 0, 0, 0, 0, 0, 0, 6, 0, 138, 42, 85, 71, 40, 40, 27, 31, 36, 33, 29, 28, 1000, 131
0, 0, 0, 0, 0, 0, 0, 0, 0, 0, 6, 0, 138, 42, 85, 71, 40, 39, 27, 32, 36, 33, 28, 28, 1000, 133
0, 0, 0, 0, 0, 0, 0, 0, 0, 0, 6, 0, 137, 42, 84, 70, 42, 38, 26, 32, 36, 33, 28, 29, 1000, 133
0, 0, 0, 0, 0, 0, 0, 0, 0, 0, 7, 0, 138, 42, 84, 70, 42, 39, 26, 32, 36, 32, 27, 29, 1000, 134
0, 0, 0, 0, 0, 0, 0, 0, 0, 0, 7, 0, 137, 42, 83, 70, 42, 40, 26, 33, 36, 32, 28, 28, 1000, 135
0, 0, 0, 0, 0, 0, 0, 0, 0, 0, 7, 0, 137, 42, 83, 70, 41, 39, 24, 33, 35, 32, 30, 28, 1000, 138
0, 0, 0, 0, 0, 0, 0, 0, 0, 0, 8, 0, 134, 41, 82, 70, 42, 36, 26, 36, 34, 31, 31, 29, 1000, 141
0, 0, 0, 0, 0, 0, 0, 0, 0, 0, 8, 0, 133, 41, 81, 69, 42, 37, 26, 35, 34, 31, 33, 29, 1000, 142
0, 0, 0, 0, 0, 0, 0, 0, 0, 0, 8, 0, 131, 41, 81, 69, 42, 38, 27, 35, 34, 30, 34, 29, 1000, 143
0, 0, 0, 0, 0, 0, 0, 0, 0, 0, 8, 0, 130, 41, 78, 69, 43, 39, 27, 37, 33, 29, 34, 30, 1000, 145
0, 0, 0, 0, 0, 0, 0, 0, 0, 0, 8, 0, 129, 41, 79, 69, 43, 38, 28, 37, 33, 28, 34, 29, 1000, 146
0, 0, 0, 0, 0, 0, 0, 0, 0, 0, 8, 1, 129, 41, 79, 69, 43, 38, 28, 36, 33, 28, 34, 28, 1000, 148
0, 0, 0, 0, 0, 0, 0, 0, 0, 0, 8, 2, 129, 41, 79, 66, 42, 37, 28, 37, 33, 28, 34, 28, 1000, 148
0, 0, 0, 0, 0, 0, 0, 0, 0, 0, 8, 2, 126, 42, 80, 65, 42, 37, 28, 38, 33, 28, 35, 28, 1000, 149
0, 0, 0, 0, 0, 0, 0, 0, 0, 0, 9, 2, 124, 42, 79, 66, 43, 38, 28, 37, 34, 26, 34, 28, 1000, 151
0, 0, 0, 0, 0, 0, 0, 0, 0, 0, 10, 2, 125, 43, 79, 65, 40, 39, 28, 37, 35, 26, 35, 28, 1000, 153
0, 0, 0, 0, 0, 0, 0, 1, 0, 0, 9, 3, 123, 43, 77, 62, 40, 41, 29, 38, 34, 26, 36, 28, 1000, 158
0, 0, 0, 0, 0, 0, 0, 1, 0, 0, 9, 3, 122, 43, 76, 61, 39, 40, 30, 38, 33, 26, 36, 27, 1000, 161
0, 0, 0, 0, 0, 0, 0, 1, 0, 0, 10, 3, 122, 43, 77, 60, 39, 40, 30, 38, 33, 24, 35, 27, 1000, 162
0, 0, 0, 0, 0, 0, 0, 1, 0, 0, 10, 3, 121, 43, 75, 59, 40, 41, 30, 39, 33, 22, 36, 27, 1000, 164
0, 0, 0, 0, 0, 0, 0, 1, 0, 0, 10, 3, 118, 43, 73, 60, 40, 40, 30, 39, 35, 23, 38, 27, 1000, 162
0, 0, 0, 0, 0, 0, 0, 2, 0, 0, 10, 3, 118, 43, 72, 60, 40, 40, 30, 39, 35, 23, 37, 27, 1000, 162
0, 0, 0, 0, 0, 0, 0, 2, 0, 0, 11, 4, 118, 43, 70, 58, 40, 40, 28, 37, 37, 23, 36, 26, 1000, 164
0, 0, 0, 0, 0, 0, 0, 2, 0, 1, 11, 4, 117, 42, 68, 56, 41, 38, 29, 36, 35, 24, 36, 28, 1000, 169
0, 0, 0, 0, 0, 0, 0, 2, 0, 1, 11, 4, 114, 43, 67, 56, 41, 36, 29, 36, 34, 24, 35, 29, 1000, 173
0, 0, 0, 0, 0, 0, 1, 3, 2, 1, 11, 6, 114, 43, 63, 54, 42, 34, 28, 37, 34, 23, 35, 28, 1000, 184
0, 0, 0, 0, 1, 0, 2, 3, 2, 2, 12, 6, 112, 43, 64, 50, 41, 35, 30, 36, 33, 21, 34, 27, 1000, 183
0, 0, 0, 0, 1, 0, 2, 3, 2, 2, 12, 6, 111, 43, 64, 51, 41, 34, 30, 35, 33, 21, 34, 27, 1000, 182
0, 0, 0, 0, 1, 0, 2, 3, 2, 2, 14, 7, 108, 46, 66, 51, 40, 36, 27, 38, 31, 21, 34, 28, 1000, 184
0, 0, 0, 1, 1, 1, 1, 4, 2, 4, 12, 7, 107, 46, 65, 50, 38, 36, 29, 36, 30, 21, 36, 26, 1000, 191
0, 0, 0, 1, 1, 1, 1, 4, 2, 4, 14, 7, 108, 45, 65, 49, 37, 37, 29, 36, 30, 21, 33, 25, 1000, 191
0, 0, 0, 1, 1, 1, 1, 4, 3, 6, 13, 7, 108, 45, 66, 49, 36, 37, 29, 36, 30, 21, 33, 24, 1000, 194
0, 0, 0, 1, 1, 1, 1, 4, 3, 7, 13, 7, 110, 45, 64, 49, 36, 37, 29, 36, 30, 21, 34, 22, 1000, 199
0, 0, 0, 2, 1, 1, 0, 5, 3, 7, 13, 9, 113, 45, 63, 46, 33, 37, 25, 34, 30, 22, 34, 21, 1000, 201
0, 0, 0, 2, 1, 2, 0, 4, 3, 7, 13, 9, 113, 45, 62, 43, 34, 36, 25, 34, 30, 22, 36, 21, 1000, 199
0, 0, 0, 2, 1, 2, 0, 4, 3, 8, 13, 8, 111, 45, 62, 42, 34, 36, 25, 35, 30, 23, 37, 21, 1000, 203
0, 0, 0, 2, 1, 2, 0, 4, 4, 8, 15, 8, 109, 45, 63, 42, 33, 37, 26, 34, 30, 23, 37, 21, 1000, 203
0, 0, 0, 2, 2, 1, 1, 4, 3, 9, 14, 8, 107, 45, 63, 41, 34, 37, 23, 37, 31, 23, 37, 20, 1000, 204
0, 0, 0, 2, 2, 2, 1, 4, 3, 8, 14, 9, 105, 44, 62, 42, 33, 36, 23, 38, 29, 19, 39, 18, 1000, 211
0, 0, 0, 2, 2, 2, 2, 4, 3, 8, 16, 8, 104, 44, 61, 42, 33, 32, 20, 37, 29, 18, 39, 17, 1000, 212
0, 0, 0, 2, 2, 4, 3, 4, 3, 8, 17, 8, 102, 44, 59, 42, 32, 31, 20, 37, 29, 18, 41, 17, 1000, 213
0, 0, 0, 2, 1, 6, 4, 5, 3, 8, 16, 8, 100, 44, 56, 41, 34, 30, 19, 38, 29, 17, 46, 15, 1000, 217
0, 0, 0, 2, 1, 6, 4, 5, 3, 8, 20, 10, 96, 45, 55, 40, 35, 27, 18, 38, 30, 17, 41, 17, 1000, 229
0, 0, 1, 2, 0, 7, 5, 5, 3, 8, 23, 10, 98, 44, 54, 36, 36, 27, 19, 39, 29, 18, 40, 16, 1000, 234
0, 0, 1, 2, 0, 7, 5, 6, 3, 8, 24, 9, 95, 44, 55, 36, 36, 27, 20, 41, 30, 18, 40, 16, 1000, 233
0, 0, 1, 2, 0, 7, 5, 7, 3, 9, 19, 11, 90, 44, 55, 37, 37, 25, 18, 43, 30, 18, 42, 16, 1000, 235
0, 0, 1, 2, 2, 7, 4, 7, 3, 9, 19, 12, 92, 44, 53, 35, 36, 26, 19, 43, 30, 17, 42, 14, 1000, 238
0, 0, 1, 2, 3, 8, 3, 8, 2, 8, 20, 14, 89, 45, 53, 37, 34, 24, 19, 41, 28, 17, 45, 14, 1000, 239
0, 0, 1, 3, 3, 10, 4, 7, 2, 8, 23, 14, 87, 45, 50, 36, 33, 24, 20, 36, 28, 14, 42, 15, 1000, 255
0, 0, 1, 3, 3, 10, 4, 9, 2, 8, 26, 16, 84, 45, 50, 35, 30, 25, 18, 34, 29, 13, 45, 18, 1000, 257
0, 0, 1, 3, 3, 11, 4, 10, 3, 10, 25, 15, 84, 42, 49, 36, 27, 24, 17, 31, 28, 13, 47, 17, 1000, 262
0, 0, 2, 3, 3, 12, 5, 9, 4, 11, 26, 15, 85, 41, 50, 34, 27, 24, 16, 30, 28, 12, 46, 17, 1000, 259
0, 0, 3, 2, 3, 13, 5, 10, 6, 12, 28, 15, 82, 42, 51, 34, 28, 21, 16, 29, 25, 11, 44, 15, 1000, 264
0, 0, 3, 3, 3, 13, 4, 10, 6, 12, 28, 16, 82, 42, 51, 34, 28, 20, 16, 29, 25, 11, 44, 15, 1000, 266
0, 0, 3, 4, 3, 14, 3, 10, 5, 12, 29, 16, 79, 43, 50, 32, 29, 19, 17, 30, 24, 11, 44, 15, 1000, 268
0, 0, 3, 4, 3, 15, 3, 13, 5, 12, 27, 16, 73, 43, 48, 31, 29, 19, 17, 33, 24, 10, 46, 17, 1000, 272
0, 0, 3, 4, 3, 16, 4, 11, 5, 14, 27, 15, 74, 42, 46, 29, 27, 15, 14, 33, 24, 10, 47, 15, 1000, 277
0, 0, 3, 4, 4, 16, 4, 12, 5, 16, 26, 14, 73, 42, 47, 29, 27, 15, 14, 32, 23, 10, 48, 14, 1000, 277
0, 1, 3, 3, 8, 16, 4, 13, 5, 15, 31, 18, 69, 41, 45, 23, 29, 14, 17, 31, 23, 12, 43, 14, 1000, 284
0, 1, 3, 4, 8, 17, 3, 13, 4, 15, 33, 18, 69, 41, 45, 23, 29, 14, 17, 34, 24, 12, 43, 14, 1000, 283
0, 1, 3, 5, 10, 17, 3, 13, 3, 15, 37, 17, 68, 41, 42, 23, 29, 13, 15, 33, 24, 12, 41, 13, 1000, 288
0, 1, 4, 4, 11, 18, 3, 16, 5, 15, 40, 16, 71, 39, 40, 23, 26, 14, 15, 30, 21, 12, 39, 12, 1000, 295
1, 0, 4, 4, 12, 23, 3, 17, 5, 17, 37, 18, 69, 40, 37, 22, 22, 15, 14, 27, 21, 11, 39, 10, 1000, 299
1, 0, 4, 5, 13, 22, 3, 18, 5, 17, 36, 19, 66, 41, 38, 22, 23, 15, 13, 27, 22, 11, 38, 10, 1000, 299
2, 0, 3, 5, 15, 22, 3, 18, 7, 17, 34, 19, 67, 39, 36, 21, 23, 14, 13, 25, 23, 11, 39, 12, 1000, 304
2, 0, 3, 5, 15, 23, 3, 19, 6, 17, 35, 19, 68, 39, 36, 19, 23, 14, 14, 25, 24, 11, 38, 13, 1000, 300
2, 0, 3, 5, 15, 23, 3, 19, 6, 17, 36, 19, 67, 39, 36, 19, 21, 14, 14, 25, 23, 11, 38, 12, 1000, 302
2, 0, 4, 5, 15, 22, 3, 19, 6, 17, 36, 19, 67, 39, 36, 19, 19, 14, 13, 24, 23, 11, 39, 12, 1000, 305
2, 0, 4, 5, 16, 27, 2, 21, 5, 18, 37, 20, 65, 38, 34, 18, 19, 14, 12, 25, 22, 9, 41, 14, 1000, 317
2, 0, 4, 5, 16, 30, 2, 22, 5, 17, 42, 19, 65, 36, 32, 17, 20, 14, 11, 23, 21, 7, 40, 15, 1000, 321
2, 1, 3, 5, 17, 30, 2, 22, 7, 16, 42, 18, 64, 35, 31, 17, 20, 14, 11, 23, 21, 7, 42, 15, 1000, 327
3, 0, 4, 5, 19, 29, 3, 23, 5, 16, 40, 19, 64, 35, 31, 17, 20, 12, 11, 24, 19, 7, 41, 15, 1000, 328
2, 0, 5, 6, 20, 29, 3, 24, 5, 17, 38, 22, 62, 34, 29, 17, 18, 11, 11, 23, 20, 7, 43, 15, 999, 329
2, 0, 5, 6, 20, 30, 4, 23, 5, 16, 41, 22, 59, 35, 31, 16, 18, 9, 10, 22, 20, 7, 45, 13, 999, 331
2, 0, 7, 6, 18, 33, 6, 24, 9, 14, 39, 20, 57, 35, 31, 16, 17, 11, 10, 19, 18, 6, 45, 13, 999, 340
2, 0, 8, 6, 19, 32, 6, 23, 9, 14, 39, 20, 58, 34, 31, 16, 17, 11, 11, 19, 17, 6, 45, 13, 999, 339
2, 0, 9, 7, 18, 32, 7, 26, 8, 14, 40, 19, 60, 35, 29, 15, 15, 10, 10, 19, 15, 5, 43, 11, 999, 345
2, 0, 11, 6, 21, 32, 7, 27, 9, 18, 38, 24, 62, 35, 29, 16, 16, 9, 8, 16, 12, 6, 41, 9, 999, 346
2, 0, 12, 6, 21, 31, 10, 28, 7, 18, 44, 24, 60, 34, 29, 17, 14, 10, 9, 11, 12, 5, 40, 9, 999, 349
2, 0, 12, 7, 21, 33, 10, 26, 7, 23, 43, 25, 56, 33, 28, 18, 14, 10, 10, 12, 10, 5, 40, 9, 999, 350
1, 0, 12, 7, 22, 33, 11, 25, 7, 23, 43, 26, 56, 33, 29, 18, 14, 10, 9, 13, 10, 4, 40, 9, 998, 348
1, 0, 14, 6, 21, 35, 12, 27, 7, 25, 41, 28, 52, 32, 28, 16, 14, 11, 9, 12, 10, 4, 40, 10, 997, 348
1, 0, 14, 6, 25, 34, 10, 28, 8, 24, 45, 28, 49, 30, 27, 17, 15, 12, 10, 15, 9, 3, 39, 10, 997, 351
1, 1, 14, 7, 25, 36, 8, 28, 10, 25, 45, 29, 49, 29, 25, 15, 15, 12, 10, 15, 8, 3, 44, 9, 997, 348
1, 2, 15, 9, 25, 40, 9, 31, 8, 24, 43, 26, 50, 27, 23, 14, 14, 11, 9, 11, 8, 5, 44, 10, 997, 358
2, 1, 17, 10, 28, 39, 9, 32, 8, 25, 39, 26, 51, 25, 23, 13, 14, 11, 9, 13, 8, 5, 43, 10, 997, 359
5, 1, 18, 11, 24, 43, 9, 31, 7, 28, 43, 29, 50, 23, 23, 12, 13, 8, 10, 12, 8, 5, 40, 11, 997, 369
5, 1, 20, 11, 27, 43, 8, 32, 7, 26, 44, 29, 49, 22, 21, 11, 12, 10, 10, 11, 8, 4, 43, 12, 997, 372
6, 0, 21, 13, 25, 43, 9, 31, 8, 28, 44, 26, 49, 21, 19, 12, 11, 8, 10, 10, 7, 4, 42, 10, 997, 378
6, 0, 23, 17, 24, 42, 13, 36, 10, 30, 39, 24, 47, 16, 18, 9, 10, 7, 7, 11, 6, 4, 38, 11, 997, 390
8, 0, 24, 17, 22, 43, 13, 37, 12, 28, 42, 22, 44, 17, 17, 7, 10, 7, 7, 12, 8, 4, 37, 10, 997, 396
8, 1, 23, 19, 25, 44, 12, 41, 14, 28, 41, 19, 40, 16, 13, 6, 8, 7, 8, 8, 8, 4, 30, 12, 997, 399
7, 2, 24, 18, 31, 46, 13, 41, 16, 26, 41, 18, 35, 15, 11, 5, 7, 8, 10, 8, 7, 3, 32, 10, 996, 395
7, 2, 26, 19, 32, 41, 14, 41, 16, 28, 45, 17, 34, 17, 12, 6, 6, 7, 9, 10, 6, 3, 31, 9, 995, 392
8, 1, 27, 19, 34, 40, 14, 38, 15, 28, 46, 19, 35, 17, 12, 7, 6, 7, 9, 10, 6, 3, 32, 8, 995, 389
7, 1, 28, 21, 40, 38, 12, 40, 14, 28, 43, 18, 33, 16, 12, 7, 6, 7, 11, 10, 5, 2, 34, 7, 994, 390
8, 1, 26, 22, 43, 35, 16, 44, 16, 26, 44, 16, 32, 14, 10, 8, 6, 7, 10, 10, 5, 2, 29, 7, 993, 401
7, 1, 27, 22, 42, 35, 16, 44, 16, 26, 43, 16, 33, 14, 10, 7, 6, 7, 10, 10, 5, 2, 29, 8, 992, 401
6, 2, 26, 23, 43, 41, 15, 41, 15, 25, 45, 19, 32, 14, 10, 7, 6, 7, 11, 11, 5, 2, 26, 9, 991, 408
6, 2, 29, 25, 47, 40, 17, 37, 17, 25, 45, 17, 28, 14, 9, 7, 6, 7, 11, 12, 4, 2, 26, 9, 991, 407
6, 2, 29, 26, 48, 39, 17, 36, 18, 25, 46, 17, 26, 13, 9, 7, 6, 7, 9, 13, 4, 2, 26, 9, 991, 409
8, 2, 31, 28, 48, 40, 16, 39, 17, 29, 41, 16, 24, 12, 9, 7, 6, 7, 10, 12, 4, 2, 24, 8, 991, 412
10, 4, 34, 25, 54, 44, 18, 36, 14, 26, 42, 18, 25, 13, 10, 7, 8, 7, 9, 7, 4, 2, 20, 8, 990, 412
10, 4, 33, 26, 53, 44, 18, 36, 15, 26, 42, 17, 24, 13, 10, 7, 8, 6, 9, 7, 4, 2, 21, 8, 989, 413
9, 4, 34, 26, 55, 43, 18, 36, 15, 26, 42, 17, 24, 13, 10, 8, 8, 6, 9, 7, 4, 1, 21, 8, 988, 413
9, 5, 35, 27, 62, 40, 17, 34, 15, 26, 41, 19, 24, 14, 10, 8, 7, 6, 9, 6, 3, 1, 18, 7, 988, 412
11, 3, 36, 28, 62, 43, 20, 30, 12, 27, 37, 19, 21, 14, 11, 8, 8, 6, 8, 7, 3, 1, 17, 8, 988, 412
12, 3, 36, 28, 62, 44, 19, 32, 12, 27, 36, 18, 20, 14, 11, 8, 7, 6, 8, 7, 3, 1, 18, 8, 987, 413
11, 3, 36, 29, 62, 44, 18, 32, 12, 27, 36, 19, 20, 14, 11, 8, 7, 6, 8, 7, 3, 1, 18, 8, 986, 412
11, 2, 36, 29, 62, 45, 18, 32, 12, 26, 36, 19, 20, 13, 11, 8, 7, 6, 8, 7, 3, 1, 20, 8, 985, 411
14, 3, 36, 29, 59, 44, 19, 33, 13, 25, 35, 19, 19, 13, 10, 7, 8, 6, 6, 6, 2, 1, 20, 7, 985, 415
14, 3, 37, 30, 60, 46, 20, 32, 12, 27, 32, 19, 22, 10, 9, 6, 8, 8, 6, 6, 2, 1, 24, 7, 984, 416
13, 3, 37, 33, 66, 45, 20, 32, 12, 26, 34, 19, 18, 10, 9, 7, 8, 8, 6, 7, 3, 2, 23, 7, 983, 407
12, 3, 38, 33, 67, 48, 21, 33, 11, 26, 32, 17, 19, 10, 8, 6, 8, 7, 6, 7, 3, 2, 22, 7, 982, 408
13, 3, 39, 32, 69, 46, 22, 37, 12, 26, 35, 18, 19, 8, 8, 6, 7, 5, 5, 7, 4, 3, 16, 8, 982, 418
12, 4, 39, 33, 68, 47, 22, 36, 12, 26, 35, 18, 19, 9, 8, 6, 8, 7, 6, 7, 3, 3, 17, 7, 982, 416
16, 3, 36, 33, 72, 46, 22, 37, 13, 23, 35, 20, 20, 7, 8, 6, 7, 5, 5, 8, 5, 3, 15, 7, 981, 419
20, 2, 37, 34, 72, 51, 17, 34, 13, 20, 32, 20, 19, 6, 8, 6, 5, 4, 3, 7, 5, 3, 17, 8, 981, 422
23, 2, 37, 38, 66, 53, 16, 33, 12, 19, 32, 18, 16, 6, 8, 6, 5, 4, 2, 9, 5, 3, 15, 8, 981, 427
24, 1, 40, 38, 66, 53, 15, 33, 14, 18, 32, 20, 17, 6, 8, 7, 4, 5, 2, 11, 4, 2, 14, 8, 980, 420
23, 1, 42, 38, 65, 53, 15, 33, 13, 18, 34, 19, 16, 6, 7, 7, 4, 6, 3, 11, 4, 2, 13, 8, 979, 419
22, 1, 42, 38, 65, 55, 15, 35, 12, 18, 32, 18, 16, 6, 7, 7, 4, 6, 3, 11, 4, 2, 12, 8, 978, 419
21, 0, 46, 38, 65, 53, 15, 36, 12, 18, 31, 21, 15, 6, 7, 7, 4, 5, 4, 10, 3, 2, 10, 8, 976, 416
21, 0, 46, 38, 65, 54, 15, 35, 12, 18, 31, 21, 15, 7, 7, 7, 4, 5, 4, 10, 3, 2, 10, 8, 975, 413
22, 0, 45, 39, 66, 58, 15, 32, 12, 17, 30, 19, 14, 6, 7, 6, 4, 5, 4, 10, 3, 2, 11, 9, 974, 414
23, 0, 51, 38, 67, 57, 17, 30, 15, 17, 28, 22, 12, 5, 5, 7, 3, 5, 5, 10, 2, 2, 10, 9, 974, 418
24, 0, 55, 38, 67, 56, 15, 30, 16, 19, 26, 25, 12, 3, 5, 6, 3, 5, 6, 10, 3, 2, 11, 8, 974, 417
25, 1, 57, 41, 68, 52, 16, 32, 18, 19, 25, 23, 11, 3, 4, 6, 2, 5, 5, 11, 3, 2, 12, 5, 973, 420
21, 2, 59, 42, 69, 51, 15, 31, 16, 20, 25, 25, 11, 3, 4, 6, 2, 5, 4, 9, 3, 2, 11, 5, 969, 417
22, 3, 57, 41, 72, 50, 15, 30, 19, 20, 24, 26, 11, 2, 4, 6, 3, 5, 4, 9, 3, 2, 12, 5, 968, 418
24, 3, 60, 42, 66, 58, 14, 26, 17, 20, 23, 27, 10, 3, 5, 7, 3, 4, 1, 8, 3, 2, 13, 4, 966, 417
23, 3, 61, 42, 65, 59, 15, 26, 18, 20, 24, 26, 10, 3, 4, 7, 3, 4, 1, 8, 3, 2, 13, 4, 965, 415
21, 3, 63, 42, 65, 59, 15, 26, 19, 20, 23, 26, 10, 3, 3, 8, 3, 4, 1, 7, 3, 2, 13, 4, 963, 413
22, 4, 68, 52, 60, 55, 16, 29, 15, 20, 21, 26, 11, 2, 3, 9, 3, 4, 2, 6, 3, 1, 14, 4, 962, 415
21, 4, 71, 51, 58, 54, 17, 28, 16, 19, 20, 26, 11, 2, 3, 8, 3, 4, 2, 6, 3, 1, 14, 5, 961, 412
19, 4, 73, 52, 58, 56, 16, 27, 18, 17, 20, 26, 11, 2, 3, 8, 3, 4, 2, 6, 3, 0, 14, 5, 959, 410
18, 5, 72, 55, 57, 53, 17, 28, 18, 18, 21, 24, 11, 2, 2, 8, 3, 4, 2, 7, 2, 0, 13, 6, 958, 409
17, 6, 73, 57, 58, 54, 16, 30, 15, 18, 19, 26, 9, 2, 3, 8, 4, 3, 2, 6, 2, 0, 11, 5, 957, 414
15, 5, 73, 57, 59, 55, 16, 31, 15, 18, 19, 26, 10, 2, 3, 8, 4, 3, 2, 6, 2, 0, 12, 6, 954, 410
15, 4, 73, 58, 60, 52, 18, 31, 16, 18, 18, 24, 10, 2, 3, 8, 4, 3, 2, 6, 2, 0, 11, 6, 953, 410
14, 4, 73, 58, 60, 51, 20, 31, 16, 18, 19, 24, 10, 2, 3, 8, 4, 3, 2, 6, 2, 0, 11, 6, 952, 409
17, 4, 73, 56, 61, 52, 20, 30, 15, 21, 20, 21, 10, 2, 3, 9, 4, 3, 2, 6, 2, 0, 14, 5, 951, 407
16, 4, 75, 57, 59, 51, 22, 28, 13, 21, 20, 20, 11, 2, 3, 9, 4, 3, 2, 6, 2, 0, 14, 5, 949, 407
19, 2, 79, 56, 61, 48, 21, 29, 11, 21, 20, 19, 12, 2, 3, 9, 4, 3, 2, 6, 3, 0, 13, 5, 949, 404
24, 4, 84, 55, 63, 48, 17, 29, 12, 20, 21, 24, 13, 2, 3, 6, 4, 2, 3, 4, 2, 0, 11, 4, 949, 407
23, 4, 85, 54, 63, 49, 17, 29, 12, 19, 21, 24, 14, 2, 3, 6, 4, 2, 3, 4, 2, 0, 11, 4, 947, 405
30, 6, 85, 51, 67, 49, 20, 28, 11, 16, 23, 22, 13, 2, 4, 7, 4, 2, 2, 6, 2, 0, 12, 5, 947, 402
33, 4, 87, 50, 67, 48, 19, 31, 12, 16, 24, 22, 12, 2, 4, 7, 3, 2, 2, 7, 1, 0, 13, 5, 945, 404
32, 6, 87, 48, 69, 45, 21, 32, 14, 17, 22, 23, 12, 2, 3, 7, 3, 2, 2, 7, 1, 0, 14, 5, 944, 403
33, 6, 88, 48, 67, 45, 21, 32, 14, 17, 22, 23, 12, 2, 3, 7, 3, 2, 1, 6, 2, 0, 15, 5, 943, 405
33, 8, 90, 49, 63, 46, 23, 27, 17, 18, 23, 22, 11, 1, 4, 7, 2, 1, 0, 6, 2, 0, 15, 4, 942, 406
32, 8, 90, 50, 63, 46, 24, 25, 17, 18, 23, 22, 11, 1, 4, 7, 3, 1, 0, 6, 2, 0, 16, 4, 941, 404
34, 7, 88, 51, 65, 45, 23, 26, 18, 19, 23, 22, 10, 2, 4, 7, 3, 1, 0, 6, 2, 0, 16, 3, 940, 399
39, 5, 87, 51, 67, 42, 22, 22, 21, 21, 24, 22, 10, 2, 4, 6, 3, 1, 0, 6, 2, 0, 15, 3, 939, 398
38, 5, 88, 50, 69, 42, 20, 23, 22, 20, 25, 21, 10, 2, 4, 6, 2, 1, 0, 6, 2, 0, 15, 3, 938, 397
39, 5, 87, 50, 69, 43, 22, 25, 22, 19, 22, 21, 10, 2, 2, 6, 3, 1, 0, 6, 3, 0, 15, 4, 936, 398
40, 4, 90, 51, 67, 42, 23, 23, 22, 19, 24, 22, 10, 2, 3, 6, 3, 0, 0, 7, 3, 0, 15, 4, 934, 397
42, 3, 89, 53, 69, 40, 22, 22, 23, 20, 22, 21, 10, 3, 3, 6, 3, 0, 0, 6, 3, 0, 12, 4, 933, 393
41, 3, 89, 53, 69, 41, 22, 23, 22, 20, 21, 22, 10, 3, 3, 6, 3, 0, 0, 6, 3, 0, 12, 4, 932, 395
43, 5, 88, 53, 69, 41, 21, 22, 21, 20, 21, 18, 10, 2, 3, 7, 3, 0, 0, 6, 2, 0, 13, 4, 931, 396
49, 4, 85, 57, 67, 47, 19, 21, 21, 17, 22, 15, 12, 1, 3, 7, 4, 0, 0, 7, 3, 0, 11, 2, 928, 399
49, 4, 87, 59, 69, 44, 17, 24, 18, 16, 20, 17, 12, 1, 3, 7, 4, 0, 1, 7, 3, 0, 10, 2, 927, 397
49, 5, 87, 58, 70, 44, 17, 24, 19, 15, 20, 18, 11, 1, 3, 7, 4, 0, 1, 6, 3, 0, 11, 2, 926, 398
50, 4, 87, 56, 70, 43, 18, 25, 19, 15, 19, 18, 11, 1, 3, 7, 4, 0, 1, 6, 3, 0, 11, 2, 925, 397
52, 3, 88, 55, 75, 40, 17, 24, 18, 14, 18, 18, 10, 1, 3, 7, 4, 0, 1, 5, 3, 0, 11, 1, 923, 395
53, 3, 88, 56, 78, 40, 17, 22, 18, 13, 18, 17, 9, 1, 3, 6, 3, 0, 1, 5, 3, 0, 11, 1, 923, 399
53, 4, 88, 54, 81, 37, 16, 20, 19, 14, 19, 17, 11, 1, 4, 5, 3, 0, 1, 5, 3, 0, 10, 1, 919, 396
52, 4, 88, 56, 80, 39, 16, 20, 18, 14, 19, 17, 11, 1, 4, 5, 3, 0, 1, 5, 3, 0, 10, 1, 918, 395
58, 4, 89, 58, 80, 41, 12, 17, 19, 15, 17, 18, 9, 2, 4, 3, 3, 0, 1, 4, 3, 1, 8, 2, 916, 402
60, 6, 83, 58, 80, 42, 10, 18, 18, 15, 18, 16, 8, 2, 3, 2, 3, 0, 2, 5, 2, 1, 8, 3, 911, 401
59, 6, 83, 59, 79, 43, 10, 18, 18, 14, 18, 16, 8, 2, 3, 2, 3, 0, 2, 6, 2, 1, 8, 3, 910, 401
59, 6, 84, 58, 77, 42, 10, 18, 18, 14, 19, 16, 7, 2, 4, 2, 3, 0, 2, 5, 2, 1, 8, 4, 908, 400
66, 3, 85, 65, 74, 39, 13, 21, 19, 12, 15, 17, 6, 2, 3, 2, 0, 0, 2, 3, 2, 1, 8, 4, 907, 396
65, 3, 85, 65, 75, 38, 13, 22, 19, 12, 14, 17, 6, 2, 3, 2, 0, 0, 2, 3, 2, 1, 8, 4, 906, 395
66, 5, 82, 68, 67, 44, 12, 22, 19, 11, 13, 16, 6, 2, 3, 2, 0, 0, 2, 4, 2, 1, 7, 4, 902, 393
68, 5, 83, 63, 68, 45, 13, 21, 22, 9, 12, 15, 5, 3, 3, 2, 0, 0, 2, 5, 1, 1, 8, 4, 898, 394
70, 5, 83, 64, 64, 46, 14, 19, 23, 9, 13, 15, 5, 3, 3, 2, 0, 0, 2, 5, 1, 1, 8, 4, 897, 392
68, 5, 84, 64, 63, 47, 14, 20, 23, 8, 14, 15, 5, 3, 3, 2, 0, 0, 2, 5, 1, 1, 8, 4, 895, 390
67, 5, 87, 64, 62, 47, 15, 18, 23, 8, 15, 13, 5, 3, 4, 2, 0, 0, 2, 5, 1, 1, 8, 4, 894, 389
70, 5, 88, 62, 60, 48, 18, 16, 21, 8, 15, 10, 4, 3, 6, 2, 0, 0, 2, 6, 1, 1, 8, 4, 891, 387
68, 6, 89, 61, 60, 48, 18, 16, 22, 8, 14, 10, 4, 3, 6, 2, 0, 0, 2, 5, 0, 1, 8, 4, 889, 388
70, 5, 86, 64, 63, 45, 15, 17, 21, 7, 11, 9, 4, 3, 5, 1, 0, 0, 1, 3, 0, 1, 8, 4, 886, 390
69, 5, 85, 64, 62, 46, 15, 17, 21, 7, 11, 9, 4, 3, 5, 0, 0, 0, 1, 3, 0, 1, 8, 5, 884, 389
68, 6, 89, 61, 59, 44, 18, 15, 22, 8, 10, 10, 4, 3, 5, 0, 0, 0, 1, 3, 0, 1, 8, 5, 882, 389
67, 6, 88, 61, 61, 44, 18, 15, 22, 9, 10, 10, 3, 3, 5, 0, 0, 0, 1, 3, 0, 1, 9, 5, 880, 388
63, 7, 87, 60, 62, 43, 19, 15, 22, 10, 10, 10, 3, 3, 5, 0, 0, 0, 1, 3, 0, 1, 10, 4, 875, 387
65, 5, 89, 60, 60, 42, 19, 16, 21, 10, 10, 11, 3, 3, 5, 0, 0, 0, 1, 3, 0, 1, 11, 4, 874, 387
63, 5, 90, 62, 59, 42, 18, 17, 19, 11, 10, 12, 3, 3, 6, 0, 0, 0, 1, 2, 0, 1, 11, 4, 872, 384
65, 4, 93, 62, 58, 40, 16, 20, 18, 11, 10, 13, 4, 2, 6, 0, 0, 0, 1, 3, 0, 1, 10, 4, 871, 383
65, 4, 93, 61, 57, 42, 16, 18, 18, 10, 11, 13, 4, 2, 5, 0, 0, 0, 1, 3, 0, 1, 10, 4, 868, 383
66, 3, 90, 66, 57, 42, 15, 19, 17, 8, 14, 14, 4, 2, 5, 1, 0, 0, 1, 2, 0, 1, 9, 3, 864, 380
65, 7, 88, 67, 54, 42, 16, 20, 17, 8, 15, 14, 5, 2, 5, 1, 0, 0, 1, 3, 0, 1, 9, 2, 863, 377
62, 7, 89, 67, 59, 41, 15, 23, 13, 7, 15, 15, 5, 2, 5, 1, 0, 0, 1, 2, 0, 1, 10, 3, 860, 378
62, 9, 89, 67, 58, 41, 16, 24, 12, 7, 15, 15, 6, 2, 5, 1, 0, 0, 1, 2, 0, 1, 10, 3, 859, 377
61, 9, 89, 67, 60, 41, 15, 24, 12, 7, 15, 15, 6, 2, 5, 1, 0, 0, 1, 2, 0, 1, 10, 3, 858, 378
60, 10, 89, 65, 61, 41, 15, 24, 12, 7, 15, 15, 6, 2, 5, 1, 0, 0, 1, 2, 0, 1, 10, 2, 857, 379
60, 9, 90, 65, 63, 40, 15, 25, 13, 7, 15, 15, 6, 2, 6, 1, 0, 0, 1, 2, 0, 0, 10, 2, 856, 376
53, 9, 95, 60, 66, 36, 16, 25, 14, 8, 13, 17, 6, 1, 4, 0, 1, 0, 1, 2, 0, 0, 7, 2, 843, 367
49, 10, 97, 59, 64, 37, 17, 25, 14, 8, 13, 16, 6, 1, 4, 0, 1, 0, 1, 3, 0, 0, 7, 2, 839, 364
48, 11, 97, 58, 65, 38, 15, 25, 13, 8, 13, 16, 6, 1, 4, 0, 1, 0, 1, 3, 0, 0, 6, 2, 838, 363
52, 12, 97, 57, 62, 37, 15, 25, 12, 8, 10, 15, 5, 1, 3, 0, 0, 0, 1, 3, 0, 0, 8, 2, 837, 367
52, 12, 96, 57, 64, 35, 16, 25, 12, 8, 10, 15, 5, 1, 3, 0, 1, 0, 1, 3, 0, 0, 8, 2, 836, 366
55, 13, 96, 58, 59, 35, 20, 27, 10, 9, 9, 15, 5, 1, 3, 0, 0, 0, 1, 3, 0, 0, 8, 2, 835, 368
54, 13, 98, 57, 58, 35, 20, 27, 11, 9, 9, 15, 5, 1, 3, 0, 0, 0, 1, 3, 0, 0, 8, 2, 834, 368
54, 13, 97, 58, 58, 36, 19, 26, 10, 8, 9, 15, 5, 1, 3, 0, 0, 0, 1, 3, 0, 0, 8, 2, 830, 363
55, 8, 95, 60, 58, 34, 18, 28, 12, 8, 8, 13, 5, 1, 3, 0, 0, 0, 1, 3, 0, 0, 7, 2, 823, 358
56, 8, 93, 60, 58, 34, 18, 27, 12, 8, 8, 13, 5, 1, 3, 0, 0, 0, 1, 3, 0, 0, 7, 2, 822, 356
55, 8, 94, 60, 58, 34, 18, 28, 12, 8, 8, 13, 5, 1, 3, 0, 0, 0, 1, 3, 0, 0, 7, 2, 821, 356
58, 7, 96, 60, 55, 35, 17, 28, 10, 8, 8, 14, 6, 1, 3, 0, 0, 0, 0, 1, 0, 0, 8, 2, 819, 350
59, 7, 94, 62, 53, 34, 17, 25, 11, 10, 10, 14, 6, 1, 3, 0, 0, 0, 0, 1, 0, 0, 7, 2, 818, 350
57, 7, 94, 63, 51, 36, 18, 23, 12, 10, 10, 14, 6, 1, 2, 0, 1, 0, 0, 1, 0, 0, 7, 2, 816, 350
62, 5, 93, 67, 52, 31, 16, 22, 13, 10, 10, 12, 6, 1, 2, 0, 1, 0, 0, 1, 0, 0, 7, 3, 814, 354
61, 5, 93, 67, 52, 31, 17, 22, 14, 10, 10, 12, 6, 1, 2, 0, 1, 0, 0, 1, 0, 0, 7, 3, 813, 354
64, 3, 96, 64, 52, 29, 15, 21, 15, 10, 11, 11, 6, 1, 2, 0, 1, 0, 0, 1, 0, 0, 7, 3, 811, 351
64, 3, 97, 60, 54, 28, 16, 19, 13, 10, 11, 11, 6, 1, 2, 0, 1, 0, 0, 1, 0, 0, 7, 3, 809, 350
65, 4, 101, 63, 46, 26, 17, 20, 12, 11, 10, 12, 7, 1, 1, 0, 1, 0, 0, 1, 0, 0, 6, 2, 805, 350
63, 4, 100, 66, 47, 28, 16, 19, 13, 12, 10, 12, 6, 1, 1, 0, 1, 0, 0, 1, 0, 0, 6, 2, 802, 350
63, 5, 98, 72, 45, 27, 17, 18, 16, 10, 8, 11, 5, 1, 1, 0, 1, 0, 0, 0, 0, 0, 8, 3, 799, 345
63, 4, 101, 70, 45, 27, 18, 18, 15, 10, 9, 12, 5, 1, 1, 0, 1, 0, 0, 0, 0, 0, 8, 3, 798, 346
66, 3, 103, 68, 45, 29, 18, 15, 16, 8, 9, 9, 5, 1, 0, 0, 0, 0, 0, 0, 0, 0, 8, 3, 797, 344
71, 5, 99, 68, 43, 26, 17, 18, 13, 6, 8, 10, 5, 1, 0, 0, 0, 0, 0, 0, 0, 0, 8, 3, 794, 349
73, 4, 98, 71, 44, 26, 16, 19, 14, 6, 8, 9, 3, 1, 0, 0, 0, 0, 0, 0, 0, 0, 8, 3, 794, 351
76, 6, 94, 74, 39, 24, 16, 18, 13, 8, 8, 7, 2, 1, 0, 0, 0, 0, 0, 0, 0, 0, 7, 2, 791, 354
75, 7, 92, 75, 40, 23, 16, 18, 12, 9, 7, 6, 2, 1, 0, 0, 0, 0, 0, 0, 0, 0, 7, 2, 790, 354
76, 6, 91, 76, 40, 25, 16, 17, 12, 8, 7, 6, 2, 1, 0, 0, 0, 0, 0, 0, 0, 0, 7, 2, 789, 354
68, 7, 90, 77, 40, 26, 15, 17, 13, 8, 7, 6, 2, 1, 0, 0, 0, 0, 0, 0, 0, 0, 6, 2, 779, 351
66, 7, 90, 77, 40, 27, 16, 16, 13, 7, 7, 7, 2, 1, 0, 0, 0, 0, 0, 0, 0, 0, 6, 2, 777, 350
66, 6, 91, 78, 39, 26, 16, 16, 14, 7, 6, 6, 2, 1, 0, 0, 0, 0, 0, 0, 0, 0, 8, 2, 776, 350
64, 6, 91, 77, 39, 26, 17, 17, 15, 7, 6, 5, 2, 1, 0, 0, 0, 0, 0, 0, 0, 0, 8, 2, 773, 349
64, 5, 91, 77, 38, 26, 16, 17, 15, 7, 6, 5, 2, 1, 0, 0, 0, 0, 0, 0, 0, 0, 8, 2, 772, 350
73, 6, 89, 71, 42, 24, 16, 17, 14, 6, 5, 4, 2, 1, 0, 0, 0, 0, 0, 0, 0, 0, 8, 1, 769, 341
77, 6, 89, 65, 42, 24, 17, 17, 15, 7, 4, 6, 2, 1, 0, 0, 0, 0, 0, 0, 0, 0, 8, 1, 768, 340
75, 7, 88, 66, 42, 23, 16, 18, 14, 7, 5, 6, 2, 1, 0, 0, 0, 0, 0, 0, 0, 0, 9, 1, 764, 338
74, 5, 88, 71, 41, 24, 14, 17, 15, 6, 5, 6, 2, 1, 0, 0, 0, 0, 0, 0, 0, 0, 9, 1, 758, 335
75, 4, 91, 69, 41, 23, 15, 19, 16, 3, 6, 6, 2, 1, 0, 0, 0, 0, 0, 0, 0, 0, 7, 1, 756, 332
72, 6, 90, 70, 43, 22, 17, 17, 14, 2, 5, 6, 2, 1, 0, 1, 0, 0, 0, 0, 0, 0, 7, 2, 749, 332
77, 8, 84, 71, 43, 22, 14, 16, 13, 2, 5, 6, 2, 1, 0, 1, 0, 0, 0, 0, 0, 0, 7, 2, 748, 332
