step, flag_perc, avg_face_degree, polydispersity, avg_volume, time
foam1, 100.0, 13.784, 0.0019456388864131924, 1.0535300816546282, 0.0
foam2, 100.0, 13.784, 0.00574700372653747, 1.0540248794281535, 0.55
foam3, 100.0, 13.784, 0.006118336516769407, 1.0540573220217355, 0.58
foam4, 100.0, 13.782, 0.006383119076443178, 1.0540127420161078, 0.6
foam5, 100.0, 13.782, 0.006934417330936693, 1.0540721512025852, 0.64
foam6, 100.0, 13.782, 0.007533028282123988, 1.0541875249824977, 0.68
foam7, 100.0, 13.782, 0.008829843961393635, 1.0542611212380812, 0.76
foam8, 100.0, 13.782, 0.009362659649062355, 1.0543026990440074, 0.79
foam9, 100.0, 13.782, 0.009561643583778645, 1.0543911541019184, 0.8
foam10, 100.0, 13.782, 0.009932460206301785, 1.054372161004972, 0.82
foam11, 100.0, 13.782, 0.010129171921133606, 1.0543464508129645, 0.83
foam12, 100.0, 13.782, 0.010924837767611661, 1.0543814665935631, 0.87
foam13, 100.0, 13.782, 0.011143599419864536, 1.0544542586709367, 0.88
foam14, 100.0, 13.782, 0.011569046806722882, 1.054510011543841, 0.9
foam15, 100.0, 13.782, 0.012006519060507426, 1.0545676605189682, 0.92
foam16, 100.0, 13.782, 0.012239535239522148, 1.054681443783803, 0.93
foam17, 100.0, 13.782, 0.012961425495538137, 1.0550066591948632, 0.96
foam18, 100.0, 13.782, 0.013199323311974931, 1.0550315039451443, 0.97
foam19, 100.0, 13.782, 0.013444430683921205, 1.0550431860883753, 0.98
foam20, 100.0, 13.782, 0.014212499561343073, 1.0551397744138666, 1.01
foam21, 100.0, 13.782, 0.014476718917850295, 1.0551696726354214, 1.02
foam22, 100.0, 13.782, 0.014757159498337336, 1.0552781875640522, 1.03
foam23, 100.0, 13.782, 0.015027172250926757, 1.0553408766719792, 1.04
foam24, 100.0, 13.782, 0.01530434363650035, 1.055391793343197, 1.05
foam25, 100.0, 13.782, 0.015592078673362986, 1.0554086361439803, 1.06
foam26, 100.0, 13.78, 0.015893305798356572, 1.0554798870658582, 1.07
foam27, 100.0, 13.78, 0.016216337455242424, 1.0555133790892843, 1.08
foam28, 100.0, 13.78, 0.016527453742880116, 1.0556955683795795, 1.09
foam29, 100.0, 13.78, 0.016825376473981857, 1.055701234823864, 1.1
foam30, 100.0, 13.78, 0.017761324886300223, 1.0558007861029033, 1.13
foam31, 100.0, 13.78, 0.018084961833244373, 1.0558215795799306, 1.14
foam32, 100.0, 13.78, 0.01841129167071398, 1.0559728193150477, 1.15
foam33, 100.0, 13.78, 0.019110048785169864, 1.0561519710126852, 1.17
foam34, 100.0, 13.78, 0.01982410743064289, 1.056244337290887, 1.19
foam35, 100.0, 13.78, 0.02055928449208322, 1.0563068940986724, 1.21
foam36, 100.0, 13.778, 0.021042749551616113, 1.0560655385260567, 1.22
foam37, 100.0, 13.774, 0.021488559038413957, 1.0560958421229767, 1.23
foam38, 100.0, 13.774, 0.02188144934606817, 1.0561123314037069, 1.24
foam39, 100.0, 13.77, 0.02314993005757615, 1.0562950364155688, 1.27
foam40, 100.0, 13.766, 0.0236523091585763, 1.056145601632909, 1.28
foam41, 100.0, 13.766, 0.024109777496838403, 1.056226763569753, 1.29
foam42, 100.0, 13.764, 0.024596892260217773, 1.0563341361364427, 1.3
foam43, 100.0, 13.762, 0.025082178155728663, 1.0564699058911258, 1.31
foam44, 100.0, 13.758, 0.025621513582436917, 1.0563936436358496, 1.32
foam45, 100.0, 13.756, 0.026111686897642983, 1.056416666430184, 1.33
foam46, 100.0, 13.756, 0.027124171651983442, 1.0565557711363889, 1.35
foam47, 100.0, 13.754, 0.027670718035712527, 1.0568073370622872, 1.36
foam48, 100.0, 13.752, 0.0282069468439905, 1.056759969668723, 1.37
foam49, 100.0, 13.752, 0.028751578720183524, 1.0568912389998282, 1.38
foam50, 100.0, 13.75, 0.02932030142365072, 1.0569858423056098, 1.39
foam51, 100.0, 13.746, 0.02992874951132496, 1.0561876558812966, 1.4
foam52, 100.0, 13.744, 0.030514365284526113, 1.0561075180572295, 1.41
foam53, 100.0, 13.744, 0.031165629632590175, 1.0565506667644646, 1.42
foam54, 100.0, 13.738, 0.031895213852544346, 1.0565409624476694, 1.43
foam55, 100.0, 13.738, 0.032526320387827434, 1.0566613664638886, 1.44
foam56, 100.0, 13.738, 0.03321024834603903, 1.05692298637334, 1.45
foam57, 100.0, 13.732, 0.03393530038114534, 1.0569653206730927, 1.46
foam58, 100.0, 13.726, 0.035328607423546154, 1.0570805500485614, 1.48
foam59, 100.0, 13.72, 0.0361356129427981, 1.057423994924684, 1.49
foam60, 100.0, 13.716, 0.037666102387300615, 1.0578367125571213, 1.51
foam61, 100.0, 13.714, 0.03848173680470479, 1.0584986242965433, 1.52
foam62, 100.0, 13.706, 0.0393764519657922, 1.0584530093879132, 1.53
foam63, 100.0, 13.698, 0.04107120304690981, 1.0586700450418527, 1.55
foam64, 100.0, 13.696, 0.04192588565206701, 1.058304670891975, 1.56
foam65, 100.0, 13.692, 0.04281342432712565, 1.0583578783559249, 1.57
foam66, 100.0, 13.69, 0.04374177326833517, 1.0585848260776547, 1.58
foam67, 100.0, 13.688, 0.04479315425876096, 1.0588565844000137, 1.59
foam68, 100.0, 13.682, 0.045784230507531554, 1.0588754867397663, 1.6
foam69, 99.5, 13.67, 0.04688671949246803, 1.0586664602096194, 1.61
foam70, 99.5, 13.666, 0.047914149624396885, 1.0591341741451705, 1.62
foam71, 99.5, 13.658, 0.049017218155252396, 1.0595326505949536, 1.63
foam72, 99.4, 13.65, 0.05011744434899401, 1.0597827648006608, 1.64
foam73, 99.4, 13.638, 0.051317844297296134, 1.0603591791241564, 1.65
foam74, 99.5, 13.634, 0.05242435789373201, 1.0603697051633605, 1.66
foam75, 99.0, 13.63, 0.053595745619564594, 1.0607649137707145, 1.67
foam76, 99.0, 13.626, 0.054723890524676744, 1.0607800043185227, 1.68
foam77, 99.0, 13.626, 0.05588151017431331, 1.0610160287857244, 1.69
foam78, 99.0, 13.624, 0.05703960548211673, 1.0610928261546104, 1.7
foam79, 98.8, 13.612, 0.05835545184036772, 1.0602943123994282, 1.71
foam80, 98.8, 13.606, 0.05959975715238519, 1.0609290849127997, 1.72
foam81, 98.5, 13.604, 0.060872268524208684, 1.0618585403272403, 1.73
foam82, 98.3, 13.598, 0.06223623155579716, 1.0622034631419952, 1.74
foam83, 98.998998998999, 13.595595595595595, 0.0631351595839793, 1.0640502295982137, 1.74881
foam84, 98.7987987987988, 13.58958958958959, 0.06459274821457806, 1.0636623190206496, 1.75881
foam85, 98.7987987987988, 13.577577577577578, 0.0661747268039512, 1.0634575715913823, 1.76881
foam86, 98.7987987987988, 13.573573573573574, 0.06761681750293991, 1.0638547004322465, 1.77881
foam87, 98.7987987987988, 13.561561561561561, 0.06922781582841808, 1.064112245309759, 1.78881
foam88, 98.998998998999, 13.545545545545545, 0.07091347678852467, 1.0622543367688515, 1.79881
foam89, 98.998998998999, 13.537537537537538, 0.07254756412738672, 1.0608655282827406, 1.80881
foam90, 98.998998998999, 13.52952952952953, 0.07420550380128055, 1.0614123183810882, 1.81881
foam91, 99.49899799599199, 13.53306613226453, 0.07456305141267339, 1.0625738927046808, 1.8334
foam92, 99.49849548645938, 13.520561685055165, 0.07756318075968838, 1.0631689821258015, 1.84302
foam93, 99.49849548645938, 13.510531594784354, 0.0793592109365282, 1.0630684715161922, 1.85302
foam94, 99.19759277833501, 13.494483450351053, 0.08119253241087643, 1.0628364519192028, 1.86302
foam95, 98.89669007021064, 13.47642928786359, 0.08329909119649082, 1.0630947068015093, 1.87302
foam96, 98.69608826479438, 13.45837512537613, 0.08526393458959292, 1.0623358019763747, 1.88302
foam97, 97.19157472417251, 13.430290872617853, 0.08744640527883574, 1.0625073047633498, 1.89302
foam98, 97.19157472417251, 13.422266800401204, 0.08934926158920886, 1.0628697635317383, 1.90302
foam99, 97.0912738214644, 13.414242728184554, 0.09141088439227918, 1.0629866758937805, 1.91302
foam100, 97.0912738214644, 13.398194583751254, 0.09363664902119839, 1.0623829025091998, 1.92302
foam101, 96.08826479438315, 13.384152457372116, 0.09784860903234249, 1.0629797918312383, 1.94302
foam102, 95.58676028084253, 13.364092276830492, 0.1002926163592901, 1.0612992782341621, 1.95302
foam103, 95.98393574297188, 13.349397590361447, 0.10159313186835384, 1.061102163429065, 1.95944
foam104, 95.87939698492463, 13.336683417085426, 0.10335574790732438, 1.061865130501386, 1.9678
foam105, 95.67839195979899, 13.328643216080401, 0.1057046852411434, 1.0621997413899669, 1.9778
foam106, 96.17706237424547, 13.319919517102615, 0.10770079492610751, 1.0635248711637257, 1.98751
foam107, 95.66968781470293, 13.31520644511581, 0.11201072578025517, 1.0639597105601777, 2.00601
foam108, 96.16935483870968, 13.318548387096774, 0.11213217213350202, 1.0650726113176623, 2.00795
foam109, 96.3673057517659, 13.30978809283552, 0.11532227024313002, 1.066950998436613, 2.02153
foam110, 96.3673057517659, 13.289606458123108, 0.11808244822978087, 1.067261995678722, 2.03153
foam111, 96.3673057517659, 13.287588294651867, 0.12062889986246361, 1.0675316000982187, 2.04153
foam112, 95.35822401614531, 13.259334006054491, 0.12364137351014404, 1.0679259738490903, 2.05153
foam113, 93.73737373737374, 13.21010101010101, 0.12860277663851094, 1.0686113836723101, 2.06995
foam114, 93.73104145601617, 13.211324570273003, 0.12880024808378066, 1.069780115442639, 2.07209
foam115, 94.23076923076923, 13.210526315789474, 0.1291810071774988, 1.070886502433033, 2.0747
foam116, 93.92712550607287, 13.190283400809717, 0.13211041338834084, 1.070583710001281, 2.0847
foam117, 93.82591093117408, 13.178137651821862, 0.13509774249281636, 1.0707183828407647, 2.0947
foam118, 93.41438703140831, 13.16919959473151, 0.1363132813699477, 1.071408738453868, 2.09976
foam119, 93.91480730223124, 13.172413793103448, 0.1360216614647476, 1.0720132154937023, 2.09981
foam120, 94.11167512690355, 13.175634517766497, 0.13748459103871946, 1.0734156652877256, 2.10604
foam121, 92.58883248730965, 13.149238578680203, 0.14077830205468156, 1.0727268039713622, 2.11604
foam122, 92.58130081300813, 13.136178861788618, 0.14336328819033506, 1.073306105593114, 2.12541
foam123, 92.87894201424211, 13.121057985757885, 0.14532727251472433, 1.0744114858523242, 2.13266
foam124, 93.27902240325867, 13.118126272912424, 0.14703969593004418, 1.0760922458731037, 2.13925
foam125, 92.76985743380855, 13.09775967413442, 0.1504349001207559, 1.07653176710051, 2.13925
foam126, 92.9735234215886, 13.10183299389002, 0.15034833784994595, 1.076662731062809, 2.14925
foam127, 91.64118246687055, 13.08868501529052, 0.15172711410315776, 1.0775828424058536, 2.15428
foam128, 89.80632008154944, 13.060142711518859, 0.1551327747092357, 1.077639550206983, 2.16428
foam129, 88.37920489296636, 13.033639143730888, 0.1583911603618624, 1.0772868015663388, 2.17428
foam130, 88.46938775510203, 13.018367346938776, 0.1613618510109509, 1.077482282124432, 2.18259
foam131, 88.8661899897855, 13.017364657814095, 0.16204387101465278, 1.0787773958204019, 2.18573
foam132, 89.36605316973414, 13.020449897750511, 0.1637041001595574, 1.0802511776218675, 2.19164
foam133, 89.95901639344262, 13.010245901639344, 0.16551075893727307, 1.0828968202390028, 2.19904
foam134, 90.05128205128206, 13.007179487179487, 0.16576476209857782, 1.0841346163279386, 2.20084
foam135, 89.63039014373717, 13.0, 0.16637349954155, 1.0855227793505429, 2.2035
foam136, 89.21971252566735, 12.973305954825461, 0.17040000742642492, 1.0853166477577971, 2.2135
foam137, 88.7063655030801, 12.950718685831623, 0.1740423331718417, 1.0860165480905435, 2.2235
foam138, 88.0781089414183, 12.920863309352518, 0.17550087577128615, 1.086778806927995, 2.22733
foam139, 89.0608875128999, 12.924664602683178, 0.17896997579932705, 1.0914985986113481, 2.24059
foam140, 88.22314049586777, 12.915289256198347, 0.17963524460585578, 1.0926713084952535, 2.24321
foam141, 87.5776397515528, 12.884057971014492, 0.182297487861381, 1.0943313281918716, 2.25163
foam142, 87.97927461139896, 12.889119170984456, 0.1840856400256956, 1.0955948796335653, 2.25748
foam143, 88.99273104880582, 12.895119418483905, 0.1851764133983098, 1.0977304264381784, 2.26218
foam144, 88.56548856548856, 12.852390852390853, 0.1873640588624259, 1.0989778158805852, 2.26791
foam145, 88.55359001040583, 12.84703433922997, 0.1876478114123472, 1.0983874643600153, 2.27051
foam146, 89.25964546402503, 12.848800834202294, 0.1899673739738832, 1.1007147153321584, 2.27839
foam147, 89.35281837160751, 12.845511482254697, 0.1908866538409022, 1.100362344781505, 2.2821
foam148, 89.86415882967607, 12.83385579937304, 0.1927211193104983, 1.1000580436931195, 2.28681
foam149, 91.0901467505241, 12.846960167714885, 0.19440094960461796, 1.1035955760420917, 2.29409
foam150, 91.39559286463799, 12.845750262329485, 0.1961581055878565, 1.1047097788555305, 2.29915
foam151, 91.91176470588235, 12.850840336134453, 0.19621049584508055, 1.10595715700646, 2.30034
foam152, 90.4311251314406, 12.828601472134595, 0.1982177714365605, 1.1074518420053765, 2.30598
foam153, 90.83245521601685, 12.828240252897787, 0.1993844653465462, 1.1103626173136847, 2.3106
foam154, 90.09483667017913, 12.80927291886196, 0.20350711262955556, 1.1104076861307233, 2.3206
foam155, 87.14436248682824, 12.743940990516332, 0.20817954540910222, 1.109591278997747, 2.3306
foam156, 87.64519535374869, 12.74973600844773, 0.2098013494143951, 1.1121030634909201, 2.33656
foam157, 84.37170010559663, 12.692713833157338, 0.21424739737400955, 1.1131638537023507, 2.34656
foam158, 83.80952380952381, 12.679365079365079, 0.21776851212198833, 1.116138584234116, 2.35645
foam159, 83.6864406779661, 12.67584745762712, 0.21920019810762748, 1.115572848764287, 2.35968
foam160, 83.45705196182396, 12.663838812301167, 0.22098581525205585, 1.116588259495427, 2.36451
foam161, 82.59023354564756, 12.641188959660298, 0.2240906957018547, 1.1227431940249988, 2.37209
foam162, 82.89054197662061, 12.641870350690754, 0.22498899296465003, 1.1232648593381414, 2.37532
foam163, 82.4468085106383, 12.63191489361702, 0.22724799736316337, 1.1246476067009143, 2.38137
foam164, 81.15015974440894, 12.613418530351439, 0.23281474988322448, 1.1260928703173618, 2.39454
foam165, 81.55650319829424, 12.611940298507463, 0.23468844176382375, 1.1277413793603939, 2.39973
foam166, 81.19658119658119, 12.602564102564102, 0.23691850426856775, 1.1311142656431297, 2.4062
foam167, 81.04925053533191, 12.591006423982869, 0.24099847417802622, 1.1332650383091303, 2.41669
foam168, 80.38585209003215, 12.580921757770632, 0.24261940832939866, 1.1349332355660278, 2.42099
foam169, 80.68669527896995, 12.583690987124463, 0.24271420417550837, 1.1361981439253228, 2.42206
foam170, 79.59183673469387, 12.56498388829216, 0.24461417720945366, 1.137640943391455, 2.42713
foam171, 77.26293103448276, 12.52155172413793, 0.2471217486682986, 1.1420522442437762, 2.43461
foam172, 77.02265372168284, 12.507011866235167, 0.24981828215921076, 1.1411833510847338, 2.43964
foam173, 76.5658747300216, 12.505399568034557, 0.2505362145966086, 1.142215718907603, 2.44183
foam174, 76.54054054054053, 12.503783783783783, 0.2515353367732909, 1.1436109885433001, 2.44492
foam175, 76.273022751896, 12.494041170097509, 0.25269519792452466, 1.1465731866056479, 2.4494
foam176, 75.73131094257855, 12.47887323943662, 0.25276551048238116, 1.1464783849597524, 2.4494
foam177, 75.0816104461371, 12.46354733405876, 0.25574471026597356, 1.1516631645733757, 2.45906
foam178, 75.70806100217865, 12.466230936819173, 0.2567747190621923, 1.1531082626805502, 2.46221
foam179, 73.0349344978166, 12.41703056768559, 0.2603931828891419, 1.1540922760211954, 2.47005
foam180, 71.78924259055982, 12.412733260153678, 0.26491476150590065, 1.1602505813905697, 2.48419
foam181, 72.19780219780219, 12.415384615384616, 0.26488757255727724, 1.1615269697782329, 2.48504
foam182, 71.91629955947137, 12.416299559471366, 0.2672618895213168, 1.1646065038964453, 2.49201
foam183, 70.01102535832415, 12.359426681367145, 0.2697961658696095, 1.1655675882926069, 2.49694
foam184, 70.19867549668875, 12.364238410596027, 0.2711329642693667, 1.1669883070291822, 2.50064
foam185, 68.8470066518847, 12.348115299334811, 0.2739594593351189, 1.1730616361322204, 2.51016
foam186, 68.93095768374164, 12.33630289532294, 0.2781207676109123, 1.1788254634808215, 2.5223
foam187, 68.22742474916387, 12.32329988851728, 0.27892555614537984, 1.1801115572706493, 2.52472
foam188, 68.93854748603351, 12.33072625698324, 0.279597397076482, 1.1829640783440072, 2.52798
foam189, 69.35123042505593, 12.32662192393736, 0.27953556742814434, 1.18440321612503, 2.52877
foam190, 68.5746352413019, 12.30976430976431, 0.2811920910455459, 1.1891117367399122, 2.53417
foam191, 69.06636670416198, 12.312710911136108, 0.28090920658775875, 1.1917107384111945, 2.53557
foam192, 68.73589164785552, 12.295711060948081, 0.2826782731398212, 1.1948927376704042, 2.54201
foam193, 68.77828054298642, 12.30316742081448, 0.2833360792778241, 1.1977745018300565, 2.54517
foam194, 68.02721088435374, 12.29251700680272, 0.2836925907385941, 1.2002919885975567, 2.54779
foam195, 68.4090909090909, 12.297727272727272, 0.2839089977918403, 1.2035047667499446, 2.55031
foam196, 68.91428571428571, 12.317714285714287, 0.2846926309351896, 1.2110916087519585, 2.55708
foam197, 68.8787185354691, 12.308924485125859, 0.2849246441241975, 1.2124709027911178, 2.55837
foam198, 69.95412844036697, 12.314220183486238, 0.285376398799849, 1.215490052581889, 2.56131
foam199, 69.00114810562572, 12.298507462686567, 0.2862885353596216, 1.2175075967635687, 2.56395
foam200, 68.54838709677419, 12.297235023041475, 0.28770356324876234, 1.2219949267977477, 2.56973
foam201, 68.63425925925925, 12.282407407407407, 0.29105282066660876, 1.2238340426240857, 2.5791
foam202, 68.01853997682502, 12.271147161066049, 0.29135910479364124, 1.2247944966328295, 2.58047
foam203, 68.6046511627907, 12.272093023255813, 0.2935073003633446, 1.2286363185876126, 2.58716
foam204, 68.21885913853319, 12.258440046565774, 0.29404964110560816, 1.2292501200477706, 2.58868
foam205, 68.64801864801865, 12.263403263403264, 0.2941895173779727, 1.2308619420567957, 2.59
foam206, 68.61143523920653, 12.266044340723454, 0.293888875433167, 1.2327273917022978, 2.59057
foam207, 69.04205607476635, 12.266355140186915, 0.29359716005370173, 1.2341998531936305, 2.59087
foam208, 71.17437722419929, 12.291814946619217, 0.29504117847168176, 1.257805950703982, 2.60631
foam209, 72.10965435041716, 12.30989272943981, 0.29539162634746496, 1.2640779676860492, 2.61105
foam210, 72.0763723150358, 12.312649164677804, 0.29532672972321494, 1.2656365813297887, 2.61189
foam211, 70.01194743130227, 12.281959378733573, 0.2967264610199005, 1.2632504047061477, 2.61518
foam212, 69.97607655502392, 12.279904306220097, 0.29735243611385354, 1.264809614910751, 2.61732
foam213, 68.8622754491018, 12.2562874251497, 0.2986292832469839, 1.2747111168662695, 2.62068
foam214, 69.30455635491607, 12.258992805755396, 0.29827515897375556, 1.276261405390308, 2.62102
foam215, 69.87951807228916, 12.250602409638555, 0.3013708964151196, 1.2777381610372944, 2.62954
foam216, 71.5674362089915, 12.264884568651276, 0.3002264597432083, 1.2935566498008337, 2.63607
foam217, 71.16788321167883, 12.262773722627736, 0.30047485752948755, 1.2937109408840857, 2.63717
foam218, 71.86358099878197, 12.265529841656516, 0.30108408617911486, 1.2915542952132373, 2.6393
foam219, 71.06227106227107, 12.234432234432234, 0.30446431282890263, 1.2962338768376669, 2.64661
foam220, 70.6601466992665, 12.229828850855746, 0.3048035641240303, 1.2980438424305991, 2.64814
foam221, 71.44607843137256, 12.237745098039216, 0.3051124186428542, 1.3013269347824736, 2.65072
foam222, 69.77886977886978, 12.199017199017199, 0.30953559164900857, 1.303959992477678, 2.66003
foam223, 70.23370233702337, 12.201722017220172, 0.309587852989885, 1.3054688575239315, 2.66109
foam224, 69.2971639950678, 12.189889025893958, 0.3129028900261024, 1.30922826097067, 2.66938
foam225, 69.09765142150803, 12.187886279357231, 0.3137120988743427, 1.3125261380914275, 2.67279
foam226, 67.82608695652173, 12.159006211180124, 0.3166675814531894, 1.319171628082294, 2.68176
foam227, 68.70324189526184, 12.16708229426434, 0.3168233421096531, 1.3241633219782174, 2.68497
foam228, 68.33541927409262, 12.157697121401752, 0.31924681791958043, 1.3271109769589704, 2.69238
foam229, 68.42105263157895, 12.155388471177945, 0.3213607619234691, 1.3294715768814345, 2.69704
foam230, 67.1267252195734, 12.12797992471769, 0.3233928531933714, 1.3304015326226106, 2.70133
foam231, 63.85390428211587, 12.093198992443325, 0.32647851570031095, 1.3318266246862582, 2.70837
foam232, 63.476070528967256, 12.07808564231738, 0.32671583917266367, 1.3321442036590965, 2.70837
foam233, 61.820480404551205, 12.048040455120102, 0.3290257934909002, 1.3325393278805597, 2.7134
foam234, 61.518987341772146, 12.048101265822785, 0.3293857522806327, 1.334601078117319, 2.71487
foam235, 61.34347275031685, 12.048162230671736, 0.3296417845235031, 1.3359284335421417, 2.71593
foam236, 63.54300385109114, 12.087291399229782, 0.32932323787062434, 1.3533042629510552, 2.72542
foam237, 64.0926640926641, 12.097812097812097, 0.3313690409465839, 1.3571506794470778, 2.73119
foam238, 64.17525773195877, 12.100515463917526, 0.3309419463248424, 1.3589080509652924, 2.73147
foam239, 65.07115135834411, 12.113842173350582, 0.33198902754261317, 1.3648430998414562, 2.73669
foam240, 64.89637305699482, 12.11658031088083, 0.33200235645588294, 1.3667271196652968, 2.7378
foam241, 61.89856957087127, 12.052015604681404, 0.3350985913192399, 1.3712435141876984, 2.74497
foam242, 60.286458333333336, 12.028645833333334, 0.33498837863769126, 1.3724090345380413, 2.74527
foam243, 60.86387434554974, 12.036649214659686, 0.3365628469598092, 1.3798819523858243, 2.75239
foam244, 61.74142480211082, 12.04221635883905, 0.33749530221921886, 1.3911358156152986, 2.7603
foam245, 61.24338624338625, 12.026455026455027, 0.3394868247872673, 1.3945458382103713, 2.76427
foam246, 61.01468624833111, 12.032042723631509, 0.34018716163123464, 1.4072952092689708, 2.77309
foam247, 58.82352941176471, 12.008021390374331, 0.34022268909639597, 1.4066963557385155, 2.77351
