polydispersity,average_face_degree,percentage_flag,energy
0.000216940235931773,13.814,98.4,5.33785
0.000222563652373831,13.84,97.6,5.33618
0.000486544712958947,13.826,98.4,5.33614
0.00128536429164505,13.786,98.4,5.33007
0.00199074226649953,13.84,95.7,5.32764
0.00265090381597612,13.794,98.4,5.32415
0.00347640819866579,13.786,98,5.32039
0.00444551709821228,13.79,97.4,5.31687
0.00573082802240821,13.77,97.7,5.3082
0.00723752789318266,13.712,99.2,5.29869
0.00764772303686745,13.738,97.6,5.29662
0.00801832763891719,13.756,98,5.29764
0.00840146042775114,13.738,99.6,5.29479
0.00894648087363703,13.712,99.6,5.29074
0.00917339469014111,13.73,99.2,5.2914
0.00954189337778155,13.744,99.2,5.28857
0.0101114961412032,13.724,98.8,5.28778
0.0105205078312558,13.734,98.5,5.28513
0.0111543527340778,13.726,98.8,5.28269
0.0119252814650954,13.702,99.6,5.27953
0.0122015162414424,13.702,98.4,5.27953
0.0125682384931984,13.7,98.4,5.2752
0.0132591195767524,13.712,99.2,5.27163
0.0138004999645669,13.682,99.6,5.26863
0.0143525935932609,13.69,98,5.26596
0.0147496432944025,13.678,99.2,5.26596
0.0151905147686953,13.688,99.6,5.26245
0.0158885900503354,13.672,99.6,5.2595
0.0166632292755373,13.66,100,5.2595
0.0168158127008762,13.662,98.4,5.25329
0.0174001803355472,13.656,99.4,5.25157
0.0178756375313815,13.648,99.6,5.24939
0.0184738337808981,13.658,98,5.24612
0.0191321818690464,13.646,98.8,5.24362
0.0194817047010771,13.628,99.8,5.24213
0.0203330398785679,13.64,97.6,5.23674
0.0207076794752941,13.622,100,5.23383
0.0214796954923198,13.602,100,5.23134
0.0222158736115803,13.616,98.8,5.22703
0.0227210570874513,13.606,100,5.22494
0.0234974575748041,13.614,98.6,5.22208
0.0240631537196523,13.6,98.4,5.21916
0.0245169313315072,13.59,99.2,5.21635
0.0254185906660842,13.58,100,5.21193
0.0262367192252264,13.586,100,5.20945
0.0270131412127446,13.588,98.4,5.20504
0.0273264082158335,13.566,99.2,5.20504
0.0283255730901022,13.546,99.2,5.19986
0.0291078976510797,13.58,99.2,5.19505
0.0298287210040222,13.55,99.8,5.19184
0.0302505644533198,13.542,99.6,5.19079
0.0312037863966794,13.564,99.2,5.18762
0.0320056986133899,13.538,99.2,5.18313
0.0327225333514223,13.518,99.6,5.17939
0.0341058745959973,13.508,99.6,5.17173
0.0344967157095051,13.518,98.8,5.17062
0.0359036336431525,13.53,99.4,5.16453
0.0363421768099461,13.49,100,5.16039
0.0376630011587114,13.49,100,5.15729
0.0382279713824192,13.494,98.8,5.15167
0.0394528526977411,13.49,98.4,5.14841
0.0400037824098574,13.484,99.2,5.14762
0.0407481396375142,13.506,98.8,5.14358
0.0422563303959875,13.456,99.2,5.1347
0.0430066030968533,13.448,99.6,5.13211
0.0447780220094005,13.426,100,5.12412
0.0457329769882263,13.388,100,5.11991
0.0466335103456317,13.432,100,5.11735
0.0474637823783619,13.424,98.8,5.11199
0.0482233164882602,13.39,99.8,5.11025
0.0496112247022218,13.422,99.2,5.1051
0.0503160548580162,13.398,99.3,5.10077
0.051108815402725,13.392,99.2,5.09657
0.0524248601163266,13.368,99.6,5.08777
0.0532521500248015,13.37,99,5.08772
0.0541719722590659,13.354,99.8,5.08343
0.0563797353583992,13.35,99.2,5.07061
0.0572818634594852,13.338,99.6,5.06768
0.0591111149037283,13.288,100,5.06097
0.0599364279592169,13.322,99.8,5.05913
0.0604936113893879,13.298,99.2,5.05457
0.0618924268112011,13.31,100,5.04732
0.0631200520618425,13.288,100,5.04451
0.0650580722537495,13.284,100,5.03434
0.0661060360404959,13.278,99.2,5.03028
0.0677429525490933,13.268,99.6,5.02206
0.0694104077041802,13.248,98.3,5.01471
0.0702344567964546,13.242,99.6,5.01471
0.0716412373138124,13.236,99.4,5.00671
0.0740264440217525,13.21,99.8,4.99506
0.0753621570478389,13.226,100,4.98766
0.0771787187488125,13.182,99.1,4.97985
0.0794223414514748,13.194,99.1,4.9731
0.0809788297867378,13.174,99.6,4.96536
0.0819401808513622,13.184,99.3,4.96031
0.0831992489317992,13.154,99.6,4.955
0.0852216686033063,13.124,99.7,4.94524
0.0876462515242395,13.084,98.8,4.93985
0.0888693241829528,13.12,99.2,4.93316
0.0909115165698557,13.08,99.1,4.92387
0.0926044041027065,13.094,99.5,4.91585
0.0948775422552111,13.03,99.5,4.90722
0.0973568998178382,13.03,99,4.8967
0.0990474144826823,13.044,99.4,4.88897
0.100569452790212,13.02,98.9,4.88424
0.102533053201358,13.01,100,4.87669
0.104882237255747,12.96,99.2,4.8678
0.107040347980412,12.974,99.5,4.85645
0.109866948591683,12.95,97.6,4.84637
0.111236827099502,12.978,99.1,4.84072
0.114087190249963,12.946,100,4.828
0.115096573744999,12.892,98.9,4.8286
0.117573126708663,12.892,98.4,4.81717
0.119578737901272,12.872,99.4,4.8085
0.121499630984363,12.88,99,4.80181
0.123537429943111,12.83,98.8,4.79406
0.125793262862624,12.86,99,4.78069
0.127925347854214,12.828,98.6,4.77566
0.130216036021546,12.842,99.1,4.76321
0.134101975624874,12.802,96.4,4.74994
0.135789304126437,12.75,96.9,4.74658
0.137952126031825,12.772,98.7,4.73612
0.139978555502081,12.75,98.6,4.72835
0.142377513578746,12.718,96.2,4.7214
0.143967627114727,12.698,97.6,4.71204
0.145621864190313,12.748,97,4.70541
0.147323508996414,12.742,98.8,4.69972
0.150211798474453,12.664,96.4,4.69026
0.152576788760528,12.668,96.9,4.67865
0.154284315155904,12.67,96.3,4.67418
0.155289272999375,12.664,96.1,4.6701
0.158201029328165,12.684,98.1,4.65963
0.158568290842133,12.65,96.9,4.65706
0.159220056334693,12.688,96.7,4.65586
0.161733969123959,12.66,97.4,4.6466
0.163124912448553,12.58,95.2,4.64401
0.164187089271219,12.618,96,4.63828
0.166413870509536,12.558,96.6,4.63176
0.168475350650395,12.566,97.7,4.622
0.171224688776066,12.57,96,4.61153
0.172844485091157,12.558,95.3,4.60762
0.175276793496564,12.562,95.5,4.59941
0.177447706920188,12.53,96.3,4.59026
0.179387899217251,12.488,95.4,4.58522
0.179560772903584,12.566,94.5,4.58198
0.180998333497845,12.492,95.6,4.58041
0.182737034418981,12.506,94.8,4.57098
0.186401959626113,12.476,94.5,4.55782
0.187765573553193,12.502,94.7,4.55039
0.189983984048043,12.442,93.7,4.54657
0.190650200944626,12.456,94,4.5418
0.191427314284667,12.492,94.5,4.5382
0.192007792835541,12.464,93.9,4.53696
0.193237914126879,12.436,95,4.53475
0.195451211912444,12.418,93.8,4.52942
0.195914553258705,12.432,95.7,4.52494
0.198282307403612,12.37,89.3,4.52167
0.198468207644997,12.4,93.5,4.51675
0.199633211674856,12.388,93,4.51272
0.200084814421682,12.382,93.2,4.51148
0.201222985633643,12.4,92.4,4.50736
0.202518983744284,12.41,92.7,4.50385
0.204146805526644,12.382,94.3,4.49954
0.204713972616299,12.35,92.8,4.49542
0.205575233106214,12.378,93.6,4.49221
0.207958113205123,12.34,92.1,4.48429
0.207964916074611,12.37,93.9,4.48383
0.209377614649698,12.35,94.7,4.47823
0.210252042549498,12.358,93.6,4.47643
0.211708788712318,12.32,91,4.47265
0.213113052499747,12.346,91.4,4.4658
0.213909229488084,12.328,93.1,4.46497
0.215011570728119,12.354,94.7,4.46184
0.215650825607567,12.338,93.2,4.45933
0.216922615533025,12.3,90.9,4.45471
0.218069087011241,12.32,91.6,4.45004
0.218403675466521,12.356,93,4.44633
0.220181159621913,12.312,93.4,4.44117
0.221176647185469,12.322,91.4,4.43939
0.222273963765372,12.31,95.2,4.43444
0.222932897338773,12.296,93.2,4.43202
0.225002735595164,12.228,92.1,4.42573
0.225490166178707,12.266,91.4,4.42722
0.226567376891755,12.302,92.1,4.41861
0.227101588116751,12.246,88.8,4.42117
0.228921612334056,12.122,89,4.41682
0.228933373136686,12.2,88.1,4.41424
0.229112293922644,12.184,93.4,4.41127
0.230239381143598,12.206,90.9,4.40924
0.230618554965897,12.158,91.7,4.4082
0.231386331462608,12.176,87.9,4.40745
0.231891906569142,12.162,88.4,4.40591
0.231927010075023,12.17,90.8,4.40615
0.233661847654071,12.19,91.5,4.39965
0.233840121762392,12.122,88.7,4.40011
0.234977158818279,12.132,87,4.397
0.235626514455198,12.104,88.8,4.39589
0.236446257427241,12.124,89.6,4.39267
0.237535094651574,12.066,87.3,4.38961
0.239387941684937,12.172,89.8,4.38168
0.241494115200968,12.118,87.6,4.37535
0.241901887493601,12.136,88,4.37433
0.244190866216428,12.086,87.8,4.36673
0.245638248083044,12.038,86.4,4.36594
0.247060988353045,12.088,88.6,4.35791
0.248350172220935,12.088,89.3,4.35516
0.248844748797828,12.072,88.6,4.35058
0.248845356370232,12.034,87.3,4.35422
0.250244079521716,12.108,89.3,4.34739
0.250420721285456,12.02,85.9,4.34791
0.251272550356725,12.068,85.2,4.34596
0.252524579168096,12.078,89.2,4.33618
0.253440260707821,12.106,90.4,4.33732
0.253918651760206,12.076,85.8,4.33274
0.254739038464642,12.08,87.2,4.32881
0.255016490651661,12.006,85.1,4.33363
0.255499368162615,12.062,89.1,4.33011
0.256252905508725,12.076,89.4,4.32417
0.257461315285694,11.992,86.8,4.32448
0.258607344053181,12.048,87.6,4.32005
0.258841427042745,12.04,85.8,4.32324
0.259631763698518,11.964,83.9,4.31961
0.260776863050928,12.052,85.1,4.31401
0.260987371019028,11.962,81.2,4.31737
0.262746880103695,11.928,81.9,4.31319
0.263280023003222,12.082,88.7,4.30662
0.263916005440059,12.076,87,4.30416
0.264563715451682,12.086,91.4,4.30029
0.265310400601436,12.06,85.6,4.29957
0.266218677355329,12.06,90,4.2937
0.266849161202451,12.032,83.3,4.29674
0.268457543522314,12.058,85.4,4.29136
0.269231075096857,12.032,88.9,4.28785
0.270588211824715,12.064,85,4.28383
0.270644284217362,12.034,85.5,4.28208
0.271362718451222,12.028,88.8,4.27758
0.272506107790591,12.018,84,4.27758
0.272615358977021,12.036,87.3,4.27586
0.273450372791484,12.02,86.7,4.27132
0.274612405042369,12.036,86.5,4.27158
0.275036410130513,12.042,88.7,4.26732
0.275581249660054,12.018,85.1,4.26806
0.276691247371726,12.014,84,4.26339
0.277046249561943,12.128,91.3,4.25678
0.277773622202314,11.986,87,4.26136
0.278617080166191,12.042,87.7,4.25515
0.27897866284492,12.022,83,4.25585
0.279375872292108,12.096,87,4.25188
0.279737850759738,12.138,91.5,4.24611
0.280974218022975,12.118,88.8,4.24389
0.282003037700385,12.112,88.3,4.24383
0.282197360456371,12.106,88.8,4.24195
0.283145457499982,12.1,89.6,4.23903
0.285123106110698,12.034,86.7,4.23584
0.285280812287372,11.916,85.8,4.23609
0.286200006807421,11.96,86.1,4.23465
0.287142046060562,12.004,86.5,4.23028
0.287721903471421,12.056,86,4.22672
0.288245394626352,12.028,86.7,4.22602
0.289839186050415,11.97,88.1,4.22553
0.290782535647029,12.068,88.7,4.21686
0.292325276076192,11.88,80.8,4.21967
0.29259278668812,11.872,84.7,4.21612
0.293664425563219,12.04,84.5,4.20793
0.294097731117382,11.874,84.9,4.21219
0.294931166782273,11.914,83.5,4.21108
0.295056483568452,11.886,85.7,4.20766
0.295594085399509,12.002,84.3,4.20347
0.297562893061003,12.03,88.7,4.19347
0.297881997241256,11.846,81.1,4.203
0.298583826344982,11.864,83.6,4.20047
0.299890541493684,11.83,81.2,4.19517
0.300508385822067,11.988,82.9,4.19064
0.301716334884732,11.852,82.2,4.19224
0.302648767815769,11.824,81.1,4.18773
0.303245039123335,11.948,83.6,4.18508
0.303288835984205,11.834,81.4,4.18388
0.304340929663674,11.8,81.2,4.18312
0.306311853191758,11.774,79.3,4.17834
0.306912516303363,11.856,83.7,4.17348
0.307266472474728,11.81,80,4.1733
0.309547576105694,11.774,80.6,4.17048
0.309784065536945,11.778,79.8,4.16616
0.311125262558289,11.794,80.5,4.1636
0.311260288580074,11.816,83.3,4.16012
0.311445396424268,11.888,81.9,4.16098
0.313672364232306,11.778,81.1,4.1584
0.314732479151375,11.778,80,4.15446
0.316062389777787,11.762,82.5,4.14982
0.316998110293818,11.758,80.4,4.14536
0.318009121305027,11.778,79.8,4.14192
0.318738265810679,11.912,86.9,4.13504
0.319185623912567,11.914,86.6,4.13333
0.319732480447776,11.754,79.6,4.13841
0.320905504971735,11.742,78.8,4.13416
0.322586995708809,11.722,77.5,4.13151
0.322853779586653,11.738,80,4.12965
0.322963796018091,11.878,84,4.1255
0.324728983853243,11.846,82.8,4.1214
0.325717445670344,11.866,83.6,4.11696
0.326955309567592,11.852,83.1,4.11432
0.327805305804593,11.87,83.1,4.11099
0.329599805488932,11.802,82.8,4.10719
0.330635823186509,11.832,83.3,4.10282
0.331609695205077,11.828,81.2,4.10257
0.331638284317816,11.78,83.9,4.09862
0.333439442223367,11.874,84.9,4.09347
0.333535430426927,11.864,85.1,4.09187
0.335963767849664,11.84,79.7,4.0884
0.336775265452355,11.772,79.7,4.08904
0.338758610593686,11.694,79.4,4.08355
0.339972785443558,11.694,76.9,4.08294
0.340678768039473,11.64,75.9,4.08004
0.342524762486992,11.696,79,4.07231
0.344408964341009,11.62,75.7,4.07639
0.344969053927605,11.682,77.1,4.07001
0.345791696125427,11.664,76.9,4.06592
0.347229844126683,11.628,74.2,4.06448
0.347359066858119,11.704,81.7,4.05742
0.348480086504358,11.714,81.2,4.05469
0.350423084739616,11.682,78.4,4.053
0.350945189957145,11.59,73.8,4.05123
0.353254829989362,11.7,82.2,4.04041
0.353283136405016,11.614,75,4.04797
0.354499915771625,11.572,73.9,4.04428
0.354908684636558,11.666,77.5,4.04005
0.355731432917183,11.67,75.9,4.03601
0.357925872158629,11.6,73.2,4.03459
0.358676901327023,11.6,77.3,4.03172
0.359234201248181,11.658,81,4.0253
0.361753421278356,11.58,76,4.02111
0.362637413567882,11.642,76.3,4.01976
0.364267874312561,11.554,71.7,4.01781
0.364927128706164,11.564,74.5,4.01387
0.365369355357442,11.612,77.2,4.01169
0.366641856532703,11.548,71.9,4.00965
0.367446154517668,11.61,74.4,4.00728
0.368318352064017,11.628,75.2,4.003
0.370547569171362,11.53,72.1,4.00241
0.371156237653228,11.586,76.7,3.99619
0.371441560149912,11.636,75.8,3.99562
0.373071049671012,11.614,74.3,3.99068
0.373151453200032,11.542,71.9,3.99478
0.375058170424637,11.618,73.1,3.98313
0.375186822387136,11.612,75.2,3.98777
0.377394510108428,11.654,77.6,3.97527
0.378119797674598,11.534,70.8,3.98205
0.379980441982839,11.484,70.4,3.97775
0.379987861601926,11.582,73.4,3.9736
0.382331595125965,11.568,76.7,3.96593
0.385153408789564,11.486,71.3,3.96306
0.385375707393484,11.546,74.6,3.9592
0.386292935946669,11.496,72.8,3.95919
0.387896848426393,11.51,74.8,3.95029
0.388512411286987,11.456,72.2,3.95446
0.388736538013674,11.522,75.6,3.95096
0.388921028742859,11.554,70.5,3.95416
0.390216540543748,11.534,76.4,3.9441
0.392312446589336,11.544,75.3,3.93998
0.392367867628981,11.512,73.7,3.94314
0.393974136159662,11.51,73.7,3.93844
0.395524110120224,11.528,72.8,3.93052
0.396299958685647,11.518,73,3.93167
0.396987910459887,11.524,74,3.92958
0.399347217031413,11.456,70.6,3.92491
